checkpoint_version=2
mpi_rank_count=8
grid_dims=135,39,135
step=12550001
FTT=77.396301956801139
accu_count=6063903
Force=0.000003746299150
Force_integral=0.000000000000000
error_prev=0.000000000000000
ctrl_initialized=0
gehrke_activated=0
dt_global=0.003700221312658
gpu_time_ms=332558327.287826478481293
cv_count=10000
