checkpoint_version=2
mpi_rank_count=32
grid_dims=327,27,327
step=97780300
FTT=82.675314300569610
accu_count=26818150
Force=0.000002962506385
Force_integral=0.000000000000000
error_prev=0.000000000000000
ctrl_initialized=0
gehrke_activated=0
dt_global=0.000507312705937
gpu_time_ms=616399672.725952148437500
cv_count=10000
