checkpoint_version=2
mpi_rank_count=8
grid_dims=135,39,135
step=12932001
FTT=79.752109525860135
accu_count=4824378
Force=0.000000286039808
Force_integral=0.000000000000000
error_prev=0.000000000000000
ctrl_initialized=0
gehrke_activated=0
dt_global=0.003700221312658
gpu_time_ms=350152256.022705078125000
cv_count=10000
