checkpoint_version=2
mpi_rank_count=8
grid_dims=135,39,135
step=28900100
FTT=63.686541009208533
accu_count=10748635
Force=-0.000002586048768
Force_integral=0.000000000000000
error_prev=0.000000000000000
ctrl_initialized=0
gehrke_activated=0
dt_global=0.001322207348955
gpu_time_ms=134728828.157104492187500
cv_count=10000
