checkpoint_version=2
mpi_rank_count=8
grid_dims=135,39,135
step=58707001
FTT=362.048160504068960
accu_count=10061263
Force=0.000001609662426
Force_integral=0.000000000000000
error_prev=0.000000000000000
ctrl_initialized=0
gehrke_activated=0
dt_global=0.003700221312658
gpu_time_ms=619694035.273193240165710
cv_count=10000
