checkpoint_version=2
mpi_rank_count=8
grid_dims=135,39,135
step=58706001
FTT=362.041993468547901
accu_count=10060263
Force=0.000001607890650
Force_integral=0.000000000000000
error_prev=0.000000000000000
ctrl_initialized=0
gehrke_activated=0
dt_global=0.003700221312658
gpu_time_ms=619687792.391845583915710
cv_count=10000
